3		1		0		-1		-1		3		
7		0		1		-1		-1		4		
10		1		1		0		-1		3		
13		2		1		0		-1		3		
16		3		1		0		-1		3		
17		1		2		1		-3		1		
19		4		1		0		-2		2		
22		5		1		0		-1		3		
24		1		3		1		-3		2		
25		6		1		0		-2		1		
28		7		1		0		-1		3		
30		3		3		3		-6		2		
34		2		4		2		-4		4		
36		5		3		5		-7		2		
42		7		3		5		-5		6		
51		3		6		5		-3		9		
56		7		5		7		-4		5		
60		6		6		8		-4		4		
62		9		5		10		-6		2		
65		10		5		0		-1		3		
77		7		8		5		-3		12		
88		13		7		10		-4		11		
89		11		8		8		-3		1		
91		14		7		0		-2		2		
106		12		10		5		-2		15		
109		13		10		0		-1		3		
114		17		9		9		-4		5		
115		15		10		8		-4		1		
126		14		12		5		-3		11		
129		15		12		0		-1		3		
138		18		12		8		-4		9		
141		19		12		0		-1		3		
146		16		14		5		-3		5		
147		21		12		16		-10		1		
155		19		14		5		-4		8		
164		22		14		5		-2		9		
167		23		14		0		-1		3		
184		24		16		5		-1		17		
187		25		16		0		-1		3		
190		26		16		0		-1		3		
193		27		16		0		-1		3		
196		28		16		0		-1		3		
199		29		16		0		-1		3		
205		31		16		23		-17		6		
210		28		18		5		-4		5		
216		30		18		5		-3		6		
219		31		18		0		-1		3		
237		30		21		23		-15		18		
239		33		20		12		-5		2		
242		34		20		0		-1		3		
245		35		20		0		-1		3		
248		36		20		0		-1		3		
251		37		20		0		-1		3		
260		33		23		26		-21		9		
268		38		22		5		-2		8		
277		34		25		5		-2		9		
280		35		25		0		-1		3		
283		36		25		0		-1		3		
286		37		25		0		-1		3		
289		38		25		0		-1		3		
295		40		25		16		-12		6		
300		37		27		5		-4		5		
306		39		27		5		-3		6		
309		40		27		0		-1		3		
327		46		27		21		-16		18		
329		42		29		12		-5		2		
332		43		29		0		-1		3		
335		44		29		0		-1		3		
338		45		29		0		-1		3		
341		46		29		0		-1		3		
358		47		31		5		-1		17		
387		52		33		17		-7		29		
390		53		33		0		-1		3		
393		54		33		0		-1		3		
396		55		33		0		-1		3		
399		56		33		0		-1		3		
402		57		33		0		-1		3		
405		58		33		0		-1		3		
408		59		33		0		-1		3		
413		56		35		5		-5		5		
419		58		35		5		-4		6		
425		60		35		5		-3		6		
428		61		35		0		-1		3		
431		62		35		0		-1		3		
434		63		35		0		-1		3		
439		60		37		12		-8		5		
445		62		37		5		-4		6		
451		64		37		5		-3		6		
454		65		37		0		-1		3		
457		66		37		0		-1		3		
460		67		37		0		-1		3		
471		66		39		5		-3		11		
472		64		40		26		-22		1		
477		68		39		5		-3		5		
480		69		39		0		-1		3		
483		70		39		0		-1		3		
486		71		39		0		-1		3		
503		72		41		5		-1		17		
530		74		44		23		-13		27		
547		75		46		5		-1		17		
550		76		46		0		-1		3		
558		81		45		10		-3		8		
562		80		46		23		-11		4		
567		77		48		5		-3		5		
570		78		48		0		-1		3		
573		79		48		0		-1		3		
576		80		48		0		-1		3		
582		82		48		8		-6		6		
588		84		48		11		-7		6		
593		81		50		5		-3		5		
599		83		50		5		-3		6		
602		84		50		0		-1		3		
614		88		50		16		-11		12		
620		90		50		18		-12		6		
631		89		52		5		-2		11		
634		90		52		0		-1		3		
646		94		52		21		-15		12		
652		89		55		48		-38		6		
654		92		54		12		-5		2		
657		93		54		0		-1		3		
660		94		54		0		-1		3		
669		90		57		5		-4		9		
704		97		59		32		-21		35		
706		100		58		17		-7		2		
712		95		61		17		-7		6		
715		96		61		0		-1		3		
718		97		61		0		-1		3		
730		101		61		8		-4		12		
733		102		61		0		-1		3		
738		99		63		12		-7		5		
747		102		63		5		-3		9		
820		117		67		26		-8		73		
823		118		67		0		-1		3		
837		118		69		5		-2		14		
887		123		74		65		-33		50		
904		124		76		5		-1		17		
907		125		76		0		-1		3		
919		129		76		85		-43		12		
924		126		78		5		-2		5		
927		127		78		0		-1		3		
930		128		78		0		-1		3		
933		129		78		0		-1		3		
942		132		78		85		-45		9		
950		130		80		5		-2		8		
959		133		80		5		-2		9		
962		134		80		0		-1		3		
965		135		80		0		-1		3		
968		136		80		0		-1		3		
973		140		79		64		-32		5		
982		136		82		5		-3		9		
1008		140		84		22		-13		26		
1011		141		84		0		-1		3		
1014		142		84		0		-1		3		
1017		143		84		0		-1		3		
1020		144		84		0		-1		3		
1023		145		84		0		-1		3		
1026		146		84		0		-1		3		
1037		145		86		5		-3		11		
1043		147		86		5		-2		6		
1046		148		86		0		-1		3		
1049		149		86		0		-1		3		
1052		150		86		0		-1		3		
1055		151		86		0		-1		3		
1058		152		86		0		-1		3		
1063		149		88		5		-5		5		
1069		151		88		5		-4		6		
1075		153		88		5		-3		6		
1078		154		88		0		-1		3		
1081		155		88		0		-1		3		
1084		156		88		0		-1		3		
1095		155		90		5		-3		11		
1101		157		90		5		-2		6		
1104		158		90		0		-1		3		
1107		159		90		0		-1		3		
1110		160		90		0		-1		3		
1113		161		90		0		-1		3		
1116		162		90		0		-1		3		
1121		159		92		5		-5		5		
1122		157		93		26		-28		1		
1127		161		92		5		-5		5		
1133		163		92		5		-4		6		
1136		164		92		0		-1		3		
1153		165		94		5		-1		17		
1211		168		101		22		-5		58		
1240		173		103		108		-67		29		
1243		174		103		0		-1		3		
1244		179		101		23		-4		1		
1261		180		103		5		-1		17		
1298		183		107		116		-71		37		
1301		184		107		0		-1		3		
1322		184		110		8		-2		21		
1333		190		109		22		-5		11		
1336		191		109		0		-1		3		
1414		196		118		92		-51		78		
1415		201		116		26		-5		1		
1432		202		118		5		-1		17		
1435		203		118		0		-1		3		
1452		204		120		5		-1		17		
1455		205		120		0		-1		3		
1458		206		120		0		-1		3		
1461		207		120		0		-1		3		
1464		208		120		0		-1		3		
1467		209		120		0		-1		3		
1478		208		122		5		-3		11		
1484		210		122		5		-2		6		
1487		211		122		0		-1		3		
1490		212		122		0		-1		3		
1493		213		122		0		-1		3		
1496		214		122		0		-1		3		
1499		215		122		0		-1		3		
1505		210		125		23		-17		6		
1510		214		124		5		-4		5		
1516		216		124		5		-3		6		
1519		217		124		0		-1		3		
1528		213		127		26		-21		9		
1536		218		126		5		-2		8		
1537		216		127		48		-28		1		
1545		214		129		5		-3		8		
1548		215		129		0		-1		3		
1551		216		129		0		-1		3		
1568		217		131		5		-1		17		
1591		220		133		122		-87		23		
1595		226		131		101		-65		4		
1597		222		133		17		-7		2		
1600		223		133		0		-1		3		
1603		224		133		0		-1		3		
1606		225		133		0		-1		3		
1609		226		133		0		-1		3		
1615		221		136		8		-7		6		
1618		222		136		0		-1		3		
1629		228		135		12		-8		11		
1635		223		138		5		-2		6		
1638		224		138		0		-1		3		
1641		225		138		0		-1		3		
1644		226		138		0		-1		3		
1658		226		140		5		-2		14		
1705		237		142		26		-15		47		
1708		238		142		0		-1		3		
1716		243		141		92		-52		8		
1719		244		141		0		-1		3		
1725		239		144		5		-3		6		
1728		240		144		0		-1		3		
1731		241		144		0		-1		3		
1734		242		144		0		-1		3		
1745		241		146		5		-3		11		
1751		243		146		5		-2		6		
1754		244		146		0		-1		3		
1757		245		146		0		-1		3		
1760		246		146		0		-1		3		
1763		247		146		0		-1		3		
1766		248		146		0		-1		3		
1771		245		148		5		-5		5		
1777		247		148		5		-4		6		
1783		249		148		5		-3		6		
1786		250		148		0		-1		3		
1789		251		148		0		-1		3		
1792		252		148		0		-1		3		
1798		254		148		101		-73		6		
1803		251		150		5		-4		5		
1809		253		150		5		-3		6		
1812		254		150		0		-1		3		
1853		256		155		85		-68		41		
1861		261		154		137		-120		8		
1870		257		157		5		-2		9		
1873		258		157		0		-1		3		
1876		259		157		0		-1		3		
1879		260		157		0		-1		3		
1882		261		157		0		-1		3		
1893		260		159		5		-3		11		
1899		262		159		5		-2		6		
1902		263		159		0		-1		3		
1905		264		159		0		-1		3		
1908		265		159		0		-1		3		
1911		266		159		0		-1		3		
1914		267		159		0		-1		3		
1919		264		161		5		-5		5		
1920		262		162		65		-55		1		
1925		266		161		5		-5		5		
1931		268		161		5		-4		6		
1934		269		161		0		-1		3		
1943		265		164		8		-5		9		
1951		270		163		5		-2		8		
1960		266		166		5		-2		9		
1963		267		166		0		-1		3		
1966		268		166		0		-1		3		
1969		269		166		0		-1		3		
1983		269		168		5		-2		14		
2030		280		170		85		-66		47		
2041		286		169		137		-110		11		
2044		287		169		0		-1		3		
2062		286		172		91		-69		18		
2079		287		174		5		-1		17		
2082		288		174		0		-1		3		
2085		289		174		0		-1		3		
2088		290		174		0		-1		3		
2091		291		174		0		-1		3		
2102		290		176		5		-3		11		
2108		292		176		5		-2		6		
2111		293		176		0		-1		3		
2114		294		176		0		-1		3		
2117		295		176		0		-1		3		
2128		294		178		5		-3		11		
2134		296		178		5		-2		6		
2137		297		178		0		-1		3		
2140		298		178		0		-1		3		
2143		299		178		0		-1		3		
2146		300		178		0		-1		3		
2154		298		180		5		-4		8		
2160		300		180		5		-3		6		
2178		299		183		8		-2		18		
2181		300		183		0		-1		3		
2186		311		179		142		-125		5		
2195		300		185		5		-3		9		
2213		313		182		148		-129		18		
2230		314		184		5		-1		17		
2233		315		184		0		-1		3		
2236		316		184		0		-1		3		
2239		317		184		0		-1		3		
2250		316		186		5		-3		11		
2256		318		186		5		-2		6		
2259		319		186		0		-1		3		
2262		320		186		0		-1		3		
2265		321		186		0		-1		3		
2271		323		186		148		-135		6		
2276		320		188		5		-4		5		
2282		322		188		5		-3		6		
2285		323		188		0		-1		3		
2297		320		191		123		-106		12		
2305		325		190		12		-5		8		
2308		326		190		0		-1		3		
2311		327		190		0		-1		3		
2334		330		192		137		-137		23		
2337		331		192		0		-1		3		
2340		332		192		0		-1		3		
2343		333		192		0		-1		3		
2346		334		192		0		-1		3		
2349		335		192		0		-1		3		
2352		336		192		0		-1		3		
2355		337		192		0		-1		3		
2363		335		194		5		-4		8		
2369		337		194		5		-3		6		
2448		347		201		26		-10		79		
2456		345		203		137		-126		8		
2459		346		203		0		-1		3		
2462		347		203		0		-1		3		
2514		355		207		137		-123		52		
2517		356		207		0		-1		3		
2520		357		207		0		-1		3		
2523		358		207		0		-1		3		
2526		359		207		0		-1		3		
2529		360		207		0		-1		3		
2532		361		207		0		-1		3		
2543		360		209		5		-3		11		
2549		362		209		5		-2		6		
2552		363		209		0		-1		3		
2555		364		209		0		-1		3		
2558		365		209		0		-1		3		
2561		366		209		0		-1		3		
2569		364		211		5		-4		8		
2575		366		211		5		-3		6		
2598		369		213		64		-37		23		
2601		370		213		0		-1		3		
2604		371		213		0		-1		3		
2607		372		213		0		-1		3		
2610		373		213		0		-1		3		
2613		374		213		0		-1		3		
2616		375		213		0		-1		3		
2619		376		213		0		-1		3		
2630		375		215		5		-3		11		
2636		377		215		5		-2		6		
2639		378		215		0		-1		3		
2642		379		215		0		-1		3		
2645		380		215		0		-1		3		
2648		381		215		0		-1		3		
2651		382		215		0		-1		3		
2656		379		217		5		-5		5		
2662		381		217		5		-4		6		
2668		383		217		5		-3		6		
2671		384		217		0		-1		3		
2674		385		217		0		-1		3		
2677		386		217		0		-1		3		
2683		381		220		26		-23		6		
2688		385		219		5		-4		5		
2694		387		219		5		-3		6		
2697		388		219		0		-1		3		
2749		389		226		186		-175		52		
2752		390		226		0		-1		3		
2755		391		226		0		-1		3		
2758		392		226		0		-1		3		
2761		393		226		0		-1		3		
2764		394		226		0		-1		3		
2767		395		226		0		-1		3		
2778		394		228		5		-3		11		
2784		396		228		5		-2		6		
2787		397		228		0		-1		3		
2790		398		228		0		-1		3		
2793		399		228		0		-1		3		
2796		400		228		0		-1		3		
2799		401		228		0		-1		3		
2804		398		230		5		-5		5		
2810		400		230		5		-4		6		
2816		402		230		5		-3		6		
2819		403		230		0		-1		3		
2822		404		230		0		-1		3		
2825		405		230		0		-1		3		
2831		393		236		184		-184		6		
2836		404		232		5		-4		5		
2842		406		232		5		-3		6		
2845		407		232		0		-1		3		
2889		403		240		188		-188		44		
2906		404		242		5		-1		17		
2909		405		242		0		-1		3		
2912		406		242		0		-1		3		
2915		407		242		0		-1		3		
2921		416		239		101		-75		6		
2926		406		244		5		-4		5		
2932		408		244		5		-3		6		
2935		409		244		0		-1		3		
2953		415		244		85		-73		18		
2955		418		243		12		-5		2		
2958		419		243		0		-1		3		
2961		420		243		0		-1		3		
2964		421		243		0		-1		3		
2967		422		243		0		-1		3		
2979		419		246		8		-5		12		
2984		423		245		5		-2		5		
2996		420		248		5		-2		12		
2999		421		248		0		-1		3		
3002		422		248		0		-1		3		
3016		422		250		5		-2		14		
3037		429		250		85		-70		21		
3039		425		252		17		-7		2		
3054		430		252		5		-2		15		
3057		431		252		0		-1		3		
3060		432		252		0		-1		3		
3074		432		254		5		-2		14		
3153		442		261		26		-5		79		
3164		441		263		186		-161		11		
3167		442		263		0		-1		3		
3214		460		262		101		-64		47		
3231		461		264		5		-1		17		
3234		462		264		0		-1		3		
3237		463		264		0		-1		3		
3240		464		264		0		-1		3		
3246		466		264		101		-62		6		
3251		463		266		5		-4		5		
3257		465		266		5		-3		6		
3260		466		266		0		-1		3		
3277		467		268		5		-1		17		
3301		468		271		8		-1		24		
3318		469		273		5		-1		17		
3321		470		273		0		-1		3		
3324		471		273		0		-1		3		
3327		472		273		0		-1		3		
3330		473		273		0		-1		3		
3338		471		275		5		-4		8		
3344		473		275		5		-3		6		
3367		476		277		137		-116		23		
3370		477		277		0		-1		3		
3373		478		277		0		-1		3		
3376		479		277		0		-1		3		
3379		480		277		0		-1		3		
3382		481		277		0		-1		3		
3385		482		277		0		-1		3		
3388		483		277		0		-1		3		
3396		481		279		5		-4		8		
3402		483		279		5		-3		6		
3420		482		282		8		-2		18		
3437		483		284		5		-1		17		
3440		484		284		0		-1		3		
3443		485		284		0		-1		3		
3446		486		284		0		-1		3		
3449		487		284		0		-1		3		
3460		486		286		5		-3		11		
3466		488		286		5		-2		6		
3469		489		286		0		-1		3		
3472		490		286		0		-1		3		
3475		491		286		0		-1		3		
3481		493		286		26		-21		6		
3486		490		288		5		-4		5		
3492		492		288		5		-3		6		
3495		493		288		0		-1		3		
3512		494		290		5		-1		17		
3536		495		293		8		-1		24		
3539		496		293		0		-1		3		
3553		496		295		5		-2		14		
3571		509		292		148		-126		18		
3588		510		294		5		-1		17		
3591		511		294		0		-1		3		
3594		512		294		0		-1		3		
3602		510		296		137		-109		8		
3608		512		296		5		-3		6		
3629		519		296		148		-117		21		
3646		520		298		5		-1		17		
3649		521		298		0		-1		3		
3652		522		298		0		-1		3		
3655		523		298		0		-1		3		
3660		520		300		22		-11		5		
3666		522		300		5		-4		6		
3672		524		300		5		-3		6		
3675		525		300		0		-1		3		
3678		526		300		0		-1		3		
3681		527		300		0		-1		3		
3695		527		302		5		-2		14		
3747		528		309		64		-37		52		
3771		529		312		8		-1		24		
3788		530		314		5		-1		17		
3791		531		314		0		-1		3		
3794		532		314		0		-1		3		
3797		533		314		0		-1		3		
3800		534		314		0		-1		3		
3811		533		316		5		-3		11		
3817		535		316		5		-2		6		
3820		536		316		0		-1		3		
3823		537		316		0		-1		3		
3826		538		316		0		-1		3		
3829		539		316		0		-1		3		
3832		540		316		0		-1		3		
3837		537		318		5		-5		5		
3843		539		318		5		-4		6		
3849		541		318		5		-3		6		
3852		542		318		0		-1		3		
3855		543		318		0		-1		3		
3858		544		318		0		-1		3		
3869		543		320		5		-3		11		
3875		545		320		5		-2		6		
3878		546		320		0		-1		3		
3881		547		320		0		-1		3		
3884		548		320		0		-1		3		
3887		549		320		0		-1		3		
3890		550		320		0		-1		3		
3901		549		322		5		-3		11		
3907		551		322		5		-2		6		
3910		552		322		0		-1		3		
3913		553		322		0		-1		3		
3916		554		322		0		-1		3		
3919		555		322		0		-1		3		
3922		556		322		0		-1		3		
3930		554		324		5		-4		8		
3936		556		324		5		-3		6		
3985		563		328		216		-199		49		
3988		564		328		0		-1		3		
3991		565		328		0		-1		3		
3994		566		328		0		-1		3		
3997		567		328		0		-1		3		
4000		568		328		0		-1		3		
4003		569		328		0		-1		3		
4006		570		328		0		-1		3		
4014		568		330		5		-4		8		
4020		570		330		5		-3		6		
4038		569		333		8		-2		18		
4055		570		335		5		-1		17		
4058		571		335		0		-1		3		
4061		572		335		0		-1		3		
4064		573		335		0		-1		3		
4067		574		335		0		-1		3		
4078		573		337		5		-3		11		
4084		575		337		5		-2		6		
4087		576		337		0		-1		3		
4090		577		337		0		-1		3		
4093		578		337		0		-1		3		
4096		579		337		0		-1		3		
4104		577		339		5		-4		8		
4110		579		339		5		-3		6		
4130		581		341		12		-3		20		
4154		582		344		8		-1		24		
4157		583		344		0		-1		3		
4171		583		346		5		-2		14		
4189		589		346		221		-208		18		
4197		594		345		186		-151		8		
4200		595		345		0		-1		3		
4203		596		345		0		-1		3		
4244		598		350		26		-8		41		
4261		599		352		5		-1		17		
4264		600		352		0		-1		3		
4267		601		352		0		-1		3		
4270		602		352		0		-1		3		
4273		603		352		0		-1		3		
4284		602		354		5		-3		11		
4290		604		354		5		-2		6		
4293		605		354		0		-1		3		
4296		606		354		0		-1		3		
4299		607		354		0		-1		3		
4302		608		354		0		-1		3		
4310		606		356		5		-4		8		
4316		608		356		5		-3		6		
4334		607		359		8		-2		18		
4339		611		358		137		-120		5		
4342		612		358		0		-1		3		
4345		613		358		0		-1		3		
4348		614		358		0		-1		3		
4363		612		361		8		-4		15		
4380		613		363		5		-1		17		
4383		614		363		0		-1		3		
4386		615		363		0		-1		3		
4389		616		363		0		-1		3		
4392		617		363		0		-1		3		
4403		616		365		5		-3		11		
4409		618		365		5		-2		6		
4412		619		365		0		-1		3		
4415		620		365		0		-1		3		
4418		621		365		0		-1		3		
4421		622		365		0		-1		3		
4429		620		367		5		-4		8		
4435		622		367		5		-3		6		
4545		647		372		186		-156		110		
4572		649		375		101		-58		27		
4589		650		377		5		-1		17		
4592		651		377		0		-1		3		
4595		652		377		0		-1		3		
4598		653		377		0		-1		3		
4609		652		379		5		-3		11		
4615		654		379		5		-2		6		
4618		655		379		0		-1		3		
4621		656		379		0		-1		3		
4624		657		379		0		-1		3		
4627		658		379		0		-1		3		
4635		656		381		5		-4		8		
4641		658		381		5		-3		6		
4662		658		384		101		-57		21		
4664		661		383		186		-153		2		
4667		662		383		0		-1		3		
4670		663		383		0		-1		3		
4673		664		383		0		-1		3		
4676		665		383		0		-1		3		
4696		660		388		12		-6		20		
4699		661		388		0		-1		3		
4702		662		388		0		-1		3		
4705		663		388		0		-1		3		
4708		664		388		0		-1		3		
4711		665		388		0		-1		3		
4714		666		388		0		-1		3		
4717		667		388		0		-1		3		
4728		666		390		5		-3		11		
4734		668		390		5		-2		6		
4737		669		390		0		-1		3		
4740		670		390		0		-1		3		
4743		671		390		0		-1		3		
4746		672		390		0		-1		3		
4754		670		392		5		-4		8		
4760		672		392		5		-3		6		
4815		688		393		186		-155		55		
4818		689		393		0		-1		3		
4821		690		393		0		-1		3		
4824		691		393		0		-1		3		
4827		692		393		0		-1		3		
4830		693		393		0		-1		3		
4833		694		393		0		-1		3		
4839		689		396		8		-7		6		
4844		693		395		5		-4		5		
4850		695		395		5		-3		6		
4853		696		395		0		-1		3		
4870		697		397		5		-1		17		
4894		698		400		8		-1		24		
4911		699		402		5		-1		17		
4914		700		402		0		-1		3		
4917		701		402		0		-1		3		
4920		702		402		0		-1		3		
4923		703		402		0		-1		3		
4931		701		404		5		-4		8		
4937		703		404		5		-3		6		
4955		702		407		8		-2		18		
4972		703		409		5		-1		17		
4975		704		409		0		-1		3		
4978		705		409		0		-1		3		
4981		706		409		0		-1		3		
4992		705		411		5		-3		11		
4998		707		411		5		-2		6		
5001		708		411		0		-1		3		
5004		709		411		0		-1		3		
5007		710		411		0		-1		3		
5010		711		411		0		-1		3		
5013		712		411		0		-1		3		
5021		710		413		5		-4		8		
5027		712		413		5		-3		6		
5047		714		415		12		-3		20		
5050		715		415		0		-1		3		
5053		716		415		0		-1		3		
5056		717		415		0		-1		3		
5059		718		415		0		-1		3		
5062		719		415		0		-1		3		
5065		720		415		0		-1		3		
5068		721		415		0		-1		3		
5079		720		417		5		-3		11		
5085		722		417		5		-2		6		
5088		723		417		0		-1		3		
5091		724		417		0		-1		3		
5094		725		417		0		-1		3		
5097		726		417		0		-1		3		
5100		727		417		0		-1		3		
5105		724		419		5		-5		5		
5111		726		419		5		-4		6		
5117		728		419		5		-3		6		
5120		729		419		0		-1		3		
5123		730		419		0		-1		3		
5126		731		419		0		-1		3		
5137		730		421		5		-3		11		
5143		732		421		5		-2		6		
5146		733		421		0		-1		3		
5149		734		421		0		-1		3		
5152		735		421		0		-1		3		
5155		736		421		0		-1		3		
5158		737		421		0		-1		3		
5164		732		424		26		-27		6		
5169		736		423		5		-4		5		
5175		738		423		5		-3		6		
5178		739		423		0		-1		3		
5195		740		425		5		-1		17		
5222		742		428		101		-88		27		
5239		743		430		5		-1		17		
5242		744		430		0		-1		3		
5245		745		430		0		-1		3		
5248		746		430		0		-1		3		
5259		745		432		5		-3		11		
5265		747		432		5		-2		6		
5268		748		432		0		-1		3		
5271		749		432		0		-1		3		
5274		750		432		0		-1		3		
5277		751		432		0		-1		3		
5280		752		432		0		-1		3		
5285		749		434		5		-5		5		
5291		751		434		5		-4		6		
5297		753		434		5		-3		6		
5300		754		434		0		-1		3		
5303		755		434		0		-1		3		
5306		756		434		0		-1		3		
5317		755		436		5		-3		11		
5323		757		436		5		-2		6		
5326		758		436		0		-1		3		
5329		759		436		0		-1		3		
5332		760		436		0		-1		3		
5335		761		436		0		-1		3		
5343		759		438		5		-4		8		
5349		761		438		5		-3		6		
5367		760		441		8		-2		18		
5384		761		443		5		-1		17		
5387		762		443		0		-1		3		
5390		763		443		0		-1		3		
5393		764		443		0		-1		3		
5396		765		443		0		-1		3		
5404		763		445		5		-4		8		
5410		765		445		5		-3		6		
5430		767		447		12		-3		20		
5454		768		450		8		-1		24		
5471		769		452		5		-1		17		
5474		770		452		0		-1		3		
5477		771		452		0		-1		3		
5480		772		452		0		-1		3		
5483		773		452		0		-1		3		
5494		772		454		5		-3		11		
5500		774		454		5		-2		6		
5503		775		454		0		-1		3		
5506		776		454		0		-1		3		
5509		777		454		0		-1		3		
5512		778		454		0		-1		3		
5515		779		454		0		-1		3		
5520		776		456		5		-5		5		
5526		778		456		5		-4		6		
5532		780		456		5		-3		6		
5535		781		456		0		-1		3		
5538		782		456		0		-1		3		
5541		783		456		0		-1		3		
5552		782		458		5		-3		11		
5558		784		458		5		-2		6		
5561		785		458		0		-1		3		
5564		786		458		0		-1		3		
5567		787		458		0		-1		3		
5570		788		458		0		-1		3		
5573		789		458		0		-1		3		
5584		788		460		5		-3		11		
5590		790		460		5		-2		6		
5593		791		460		0		-1		3		
5596		792		460		0		-1		3		
5599		793		460		0		-1		3		
5602		794		460		0		-1		3		
5610		792		462		5		-4		8		
5616		794		462		5		-3		6		
5663		805		464		101		-87		47		
5680		806		466		5		-1		17		
5683		807		466		0		-1		3		
5686		808		466		0		-1		3		
5689		809		466		0		-1		3		
5692		810		466		0		-1		3		
5700		808		468		5		-4		8		
5706		810		468		5		-3		6		
5721		801		474		221		-221		15		
5738		802		476		5		-1		17		
5741		803		476		0		-1		3		
5744		804		476		0		-1		3		
5747		805		476		0		-1		3		
5750		806		476		0		-1		3		
5761		805		478		5		-3		11		
5767		807		478		5		-2		6		
5770		808		478		0		-1		3		
5773		809		478		0		-1		3		
5776		810		478		0		-1		3		
5779		811		478		0		-1		3		
5787		809		480		5		-4		8		
5793		811		480		5		-3		6		
5869		827		484		85		-57		76		
5872		828		484		0		-1		3		
5886		828		486		5		-2		14		
5930		831		491		221		-215		44		
5947		832		493		5		-1		17		
5950		833		493		0		-1		3		
5953		834		493		0		-1		3		
5956		835		493		0		-1		3		
5967		834		495		5		-3		11		
5973		836		495		5		-2		6		
5976		837		495		0		-1		3		
5979		838		495		0		-1		3		
5982		839		495		0		-1		3		
5985		840		495		0		-1		3		
5993		838		497		5		-4		8		
5999		840		497		5		-3		6		
6017		839		500		8		-2		18		
6034		840		502		5		-1		17		
6037		841		502		0		-1		3		
6040		842		502		0		-1		3		
6043		843		502		0		-1		3		
6046		844		502		0		-1		3		
6054		842		504		5		-4		8		
6060		844		504		5		-3		6		
6080		846		506		12		-3		20		
6104		847		509		8		-1		24		
6121		848		511		5		-1		17		
6124		849		511		0		-1		3		
6127		850		511		0		-1		3		
6130		851		511		0		-1		3		
6133		852		511		0		-1		3		
6144		851		513		5		-3		11		
6150		853		513		5		-2		6		
6153		854		513		0		-1		3		
6156		855		513		0		-1		3		
6159		856		513		0		-1		3		
6162		857		513		0		-1		3		
6165		858		513		0		-1		3		
6170		855		515		5		-5		5		
6176		857		515		5		-4		6		
6182		859		515		5		-3		6		
6185		860		515		0		-1		3		
6188		861		515		0		-1		3		
6191		862		515		0		-1		3		
6202		861		517		5		-3		11		
6208		863		517		5		-2		6		
6211		864		517		0		-1		3		
6214		865		517		0		-1		3		
6217		866		517		0		-1		3		
6220		867		517		0		-1		3		
6223		868		517		0		-1		3		
6228		865		519		5		-5		5		
6234		867		519		5		-4		6		
6240		869		519		5		-3		6		
6243		870		519		0		-1		3		
6246		871		519		0		-1		3		
6249		872		519		0		-1		3		
6255		881		516		221		-236		6		
6260		871		521		5		-4		5		
6266		873		521		5		-3		6		
6269		874		521		0		-1		3		
6289		883		520		12		-4		20		
6292		884		520		0		-1		3		
6295		885		520		0		-1		3		
6298		886		520		0		-1		3		
6301		887		520		0		-1		3		
6304		888		520		0		-1		3		
6307		889		520		0		-1		3		
6310		890		520		0		-1		3		
6318		888		522		5		-4		8		
6324		890		522		5		-3		6		
6376		905		523		216		-222		52		
6379		906		523		0		-1		3		
6382		907		523		0		-1		3		
6385		908		523		0		-1		3		
6388		909		523		0		-1		3		
6391		910		523		0		-1		3		
6394		911		523		0		-1		3		
6397		912		523		0		-1		3		
6405		910		525		5		-4		8		
6411		912		525		5		-3		6		
6429		911		528		8		-2		18		
6446		912		530		5		-1		17		
6449		913		530		0		-1		3		
6452		914		530		0		-1		3		
6455		915		530		0		-1		3		
6458		916		530		0		-1		3		
6469		915		532		5		-3		11		
6475		917		532		5		-2		6		
6478		918		532		0		-1		3		
6481		919		532		0		-1		3		
6484		920		532		0		-1		3		
6487		921		532		0		-1		3		
6495		919		534		5		-4		8		
6501		921		534		5		-3		6		
6667		925		556		85		-44		166		
6684		926		558		5		-1		17		
6687		927		558		0		-1		3		
6690		928		558		0		-1		3		
6693		929		558		0		-1		3		
6704		928		560		5		-3		11		
6710		930		560		5		-2		6		
6713		931		560		0		-1		3		
6716		932		560		0		-1		3		
6719		933		560		0		-1		3		
6722		934		560		0		-1		3		
6725		935		560		0		-1		3		
6730		932		562		5		-5		5		
6736		934		562		5		-4		6		
6742		936		562		5		-3		6		
6745		937		562		0		-1		3		
6748		938		562		0		-1		3		
6751		939		562		0		-1		3		
6762		938		564		5		-3		11		
6768		940		564		5		-2		6		
6771		941		564		0		-1		3		
6774		942		564		0		-1		3		
6777		943		564		0		-1		3		
6780		944		564		0		-1		3		
6783		945		564		0		-1		3		
6794		944		566		5		-3		11		
6800		946		566		5		-2		6		
6803		947		566		0		-1		3		
6806		948		566		0		-1		3		
6809		949		566		0		-1		3		
6812		950		566		0		-1		3		
6820		948		568		5		-4		8		
6826		950		568		5		-3		6		
6849		960		567		137		-125		23		
6852		961		567		0		-1		3		
6855		962		567		0		-1		3		
6858		963		567		0		-1		3		
6861		964		567		0		-1		3		
6864		965		567		0		-1		3		
6867		966		567		0		-1		3		
6870		967		567		0		-1		3		
6878		965		569		5		-4		8		
6884		967		569		5		-3		6		
6902		966		572		8		-2		18		
6919		967		574		5		-1		17		
6922		968		574		0		-1		3		
6925		969		574		0		-1		3		
6928		970		574		0		-1		3		
6931		971		574		0		-1		3		
6939		969		576		5		-4		8		
6945		971		576		5		-3		6		
6992		982		578		26		-10		47		
7009		983		580		5		-1		17		
7012		984		580		0		-1		3		
7015		985		580		0		-1		3		
7018		986		580		0		-1		3		
7029		985		582		5		-3		11		
7035		987		582		5		-2		6		
7038		988		582		0		-1		3		
7041		989		582		0		-1		3		
7044		990		582		0		-1		3		
7047		991		582		0		-1		3		
7050		992		582		0		-1		3		
7055		989		584		5		-5		5		
7061		991		584		5		-4		6		
7067		993		584		5		-3		6		
7070		994		584		0		-1		3		
7073		995		584		0		-1		3		
7076		996		584		0		-1		3		
7082		1005		581		123		-93		6		
7087		995		586		5		-4		5		
7093		997		586		5		-3		6		
7096		998		586		0		-1		3		
7171		1016		589		22		-4		75		
7172		1014		590		482		-471		1		
7189		1015		592		5		-1		17		
7192		1016		592		0		-1		3		
7209		1017		594		5		-1		17		
7212		1018		594		0		-1		3		
7215		1019		594		0		-1		3		
7218		1020		594		0		-1		3		
7221		1021		594		0		-1		3		
7224		1022		594		0		-1		3		
7235		1021		596		5		-3		11		
7241		1023		596		5		-2		6		
7244		1024		596		0		-1		3		
7247		1025		596		0		-1		3		
7250		1026		596		0		-1		3		
7253		1027		596		0		-1		3		
7256		1028		596		0		-1		3		
7264		1026		598		5		-4		8		
7270		1028		598		5		-3		6		
7285		1033		598		26		-19		15		
7302		1034		600		5		-1		17		
7305		1035		600		0		-1		3		
7308		1036		600		0		-1		3		
7311		1037		600		0		-1		3		
7314		1038		600		0		-1		3		
7322		1036		602		5		-4		8		
7328		1038		602		5		-3		6		
7346		1037		605		8		-2		18		
7363		1038		607		5		-1		17		
7366		1039		607		0		-1		3		
7369		1040		607		0		-1		3		
7372		1041		607		0		-1		3		
7375		1042		607		0		-1		3		
7383		1040		609		5		-4		8		
7389		1042		609		5		-3		6		
7555		1060		625		123		-75		166		
7572		1061		627		5		-1		17		
7575		1062		627		0		-1		3		
7578		1063		627		0		-1		3		
7581		1064		627		0		-1		3		
7586		1054		632		137		-113		5		
7592		1063		629		5		-4		6		
7598		1065		629		5		-3		6		
7601		1066		629		0		-1		3		
7604		1067		629		0		-1		3		
7607		1068		629		0		-1		3		
7613		1070		629		101		-56		6		
7618		1067		631		5		-4		5		
7624		1069		631		5		-3		6		
7627		1070		631		0		-1		3		
7647		1072		633		12		-4		20		
7650		1073		633		0		-1		3		
7653		1074		633		0		-1		3		
7656		1075		633		0		-1		3		
7659		1076		633		0		-1		3		
7662		1077		633		0		-1		3		
7665		1078		633		0		-1		3		
7668		1079		633		0		-1		3		
7676		1077		635		5		-4		8		
7682		1079		635		5		-3		6		
7729		1097		634		101		-60		47		
7746		1098		636		5		-1		17		
7749		1099		636		0		-1		3		
7752		1100		636		0		-1		3		
7755		1101		636		0		-1		3		
7758		1102		636		0		-1		3		
7766		1100		638		5		-4		8		
7772		1102		638		5		-3		6		
7821		1095		648		137		-98		49		
7845		1096		651		8		-1		24		
7848		1097		651		0		-1		3		
7862		1097		653		5		-2		14		
7935		1112		657		26		-4		73		
7938		1113		657		0		-1		3		
7940		1116		656		64		-28		2		
7943		1117		656		0		-1		3		
7946		1118		656		0		-1		3		
7949		1119		656		0		-1		3		
7955		1114		659		5		-5		6		
7958		1115		659		0		-1		3		
7961		1116		659		0		-1		3		
7975		1116		661		5		-2		14		
8001		1134		657		137		-86		26		
8004		1135		657		0		-1		3		
8007		1136		657		0		-1		3		
8010		1137		657		0		-1		3		
8013		1138		657		0		-1		3		
8016		1139		657		0		-1		3		
8019		1140		657		0		-1		3		
8022		1141		657		0		-1		3		
8030		1139		659		5		-4		8		
8036		1141		659		5		-3		6		
8059		1137		664		134		-91		23		
8062		1138		664		0		-1		3		
8065		1139		664		0		-1		3		
8068		1140		664		0		-1		3		
8071		1141		664		0		-1		3		
8074		1142		664		0		-1		3		
8077		1143		664		0		-1		3		
8080		1144		664		0		-1		3		
8088		1142		666		5		-4		8		
8094		1144		666		5		-3		6		
8112		1143		669		8		-2		18		
8129		1144		671		5		-1		17		
8132		1145		671		0		-1		3		
8135		1146		671		0		-1		3		
8138		1147		671		0		-1		3		
8141		1148		671		0		-1		3		
8149		1146		673		5		-4		8		
8155		1148		673		5		-3		6		
8202		1159		675		26		-10		47		
8207		1149		680		117		-76		5		
8210		1150		680		0		-1		3		
8213		1151		680		0		-1		3		
8216		1152		680		0		-1		3		
8231		1150		683		8		-4		15		
8248		1151		685		5		-1		17		
8251		1152		685		0		-1		3		
8254		1153		685		0		-1		3		
8257		1154		685		0		-1		3		
8268		1153		687		5		-3		11		
8274		1155		687		5		-2		6		
8277		1156		687		0		-1		3		
8280		1157		687		0		-1		3		
8283		1158		687		0		-1		3		
8286		1159		687		0		-1		3		
8289		1160		687		0		-1		3		
8297		1158		689		5		-4		8		
8303		1160		689		5		-3		6		
8323		1162		691		12		-3		20		
8347		1163		694		8		-1		24		
8350		1164		694		0		-1		3		
8364		1164		696		5		-2		14		
8384		1166		698		12		-2		20		
8387		1167		698		0		-1		3		
8390		1168		698		0		-1		3		
8393		1169		698		0		-1		3		
8396		1170		698		0		-1		3		
8399		1171		698		0		-1		3		
8402		1172		698		0		-1		3		
8405		1173		698		0		-1		3		
8413		1171		700		5		-4		8		
8419		1173		700		5		-3		6		
8442		1183		699		134		-108		23		
8445		1184		699		0		-1		3		
8448		1185		699		0		-1		3		
8451		1186		699		0		-1		3		
8454		1187		699		0		-1		3		
8457		1188		699		0		-1		3		
8460		1189		699		0		-1		3		
8463		1190		699		0		-1		3		
8471		1188		701		5		-4		8		
8477		1190		701		5		-3		6		
8495		1189		704		8		-2		18		
8512		1190		706		5		-1		17		
8515		1191		706		0		-1		3		
8518		1192		706		0		-1		3		
8521		1193		706		0		-1		3		
8524		1194		706		0		-1		3		
8535		1193		708		5		-3		11		
8541		1195		708		5		-2		6		
8544		1196		708		0		-1		3		
8547		1197		708		0		-1		3		
8550		1198		708		0		-1		3		
8553		1199		708		0		-1		3		
8561		1197		710		5		-4		8		
8567		1199		710		5		-3		6		
8648		1226		710		137		-107		81		
8651		1227		710		0		-1		3		
8654		1228		710		0		-1		3		
8657		1229		710		0		-1		3		
8660		1230		710		0		-1		3		
8663		1231		710		0		-1		3		
8666		1232		710		0		-1		3		
8669		1233		710		0		-1		3		
8680		1232		712		5		-3		11		
8686		1234		712		5		-2		6		
8689		1235		712		0		-1		3		
8692		1236		712		0		-1		3		
8695		1237		712		0		-1		3		
8698		1238		712		0		-1		3		
8701		1239		712		0		-1		3		
8706		1236		714		5		-5		5		
8712		1238		714		5		-4		6		
8718		1240		714		5		-3		6		
8721		1241		714		0		-1		3		
8724		1242		714		0		-1		3		
8727		1243		714		0		-1		3		
8738		1242		716		5		-3		11		
8744		1244		716		5		-2		6		
8747		1245		716		0		-1		3		
8750		1246		716		0		-1		3		
8753		1247		716		0		-1		3		
8756		1248		716		0		-1		3		
8759		1249		716		0		-1		3		
8770		1248		718		5		-3		11		
8776		1250		718		5		-2		6		
8779		1251		718		0		-1		3		
8782		1252		718		0		-1		3		
8785		1253		718		0		-1		3		
8788		1254		718		0		-1		3		
8791		1255		718		0		-1		3		
8796		1252		720		5		-5		5		
8802		1254		720		5		-4		6		
8808		1256		720		5		-3		6		
8811		1257		720		0		-1		3		
8814		1258		720		0		-1		3		
8817		1259		720		0		-1		3		
8823		1226		735		85		-75		6		
8828		1258		722		5		-4		5		
8834		1260		722		5		-3		6		
8837		1261		722		0		-1		3		
8971		1252		745		101		-71		134		
8973		1276		735		186		-153		2		
8976		1277		735		0		-1		3		
8979		1278		735		0		-1		3		
8982		1279		735		0		-1		3		
8985		1280		735		0		-1		3		
8997		1277		738		8		-5		12		
9005		1254		749		12		-7		8		
9008		1255		749		0		-1		3		
9011		1256		749		0		-1		3		
9121		1288		751		137		-112		110		
9124		1289		751		0		-1		3		
9127		1290		751		0		-1		3		
9130		1291		751		0		-1		3		
9133		1292		751		0		-1		3		
9136		1293		751		0		-1		3		
9139		1294		751		0		-1		3		
9142		1295		751		0		-1		3		
9153		1294		753		5		-3		11		
9159		1296		753		5		-2		6		
9162		1297		753		0		-1		3		
9165		1298		753		0		-1		3		
9168		1299		753		0		-1		3		
9171		1300		753		0		-1		3		
9174		1301		753		0		-1		3		
9185		1300		755		5		-3		11		
9191		1302		755		5		-2		6		
9194		1303		755		0		-1		3		
9197		1304		755		0		-1		3		
9200		1305		755		0		-1		3		
9203		1306		755		0		-1		3		
9211		1304		757		5		-4		8		
9217		1306		757		5		-3		6		
9264		1317		759		101		-63		47		
9269		1293		770		137		-115		5		
9272		1294		770		0		-1		3		
9275		1295		770		0		-1		3		
9278		1296		770		0		-1		3		
9293		1294		773		8		-4		15		
9310		1295		775		5		-1		17		
9313		1296		775		0		-1		3		
9316		1297		775		0		-1		3		
9319		1298		775		0		-1		3		
9322		1299		775		0		-1		3		
9330		1297		777		5		-4		8		
9336		1299		777		5		-3		6		
9383		1310		779		26		-12		47		
9400		1311		781		5		-1		17		
9403		1312		781		0		-1		3		
9406		1313		781		0		-1		3		
9409		1314		781		0		-1		3		
9414		1318		780		137		-110		5		
9420		1313		783		5		-4		6		
9426		1315		783		5		-3		6		
9429		1316		783		0		-1		3		
9432		1317		783		0		-1		3		
9435		1318		783		0		-1		3		
9449		1318		785		5		-2		14		
9470		1325		785		16		-7		21		
9487		1326		787		5		-1		17		
9490		1327		787		0		-1		3		
9493		1328		787		0		-1		3		
9496		1329		787		0		-1		3		
9499		1330		787		0		-1		3		
9507		1328		789		5		-4		8		
9513		1330		789		5		-3		6		
9528		1335		789		26		-15		15		
9545		1336		791		5		-1		17		
9548		1337		791		0		-1		3		
9551		1338		791		0		-1		3		
9554		1339		791		0		-1		3		
9557		1340		791		0		-1		3		
9565		1338		793		5		-4		8		
9571		1340		793		5		-3		6		
9589		1339		796		8		-2		18		
9594		1343		795		186		-156		5		
9597		1344		795		0		-1		3		
9600		1345		795		0		-1		3		
9603		1346		795		0		-1		3		
9618		1344		798		8		-4		15		
9635		1345		800		5		-1		17		
9638		1346		800		0		-1		3		
9641		1347		800		0		-1		3		
9644		1348		800		0		-1		3		
9647		1349		800		0		-1		3		
9655		1347		802		5		-4		8		
9661		1349		802		5		-3		6		
9681		1351		804		12		-3		20		
9684		1352		804		0		-1		3		
9687		1353		804		0		-1		3		
9690		1354		804		0		-1		3		
9693		1355		804		0		-1		3		
9696		1356		804		0		-1		3		
9699		1357		804		0		-1		3		
9702		1358		804		0		-1		3		
9713		1357		806		5		-3		11		
9719		1359		806		5		-2		6		
9722		1360		806		0		-1		3		
9725		1361		806		0		-1		3		
9728		1362		806		0		-1		3		
9731		1363		806		0		-1		3		
9734		1364		806		0		-1		3		
9745		1363		808		5		-3		11		
9751		1365		808		5		-2		6		
9754		1366		808		0		-1		3		
9757		1367		808		0		-1		3		
9760		1368		808		0		-1		3		
9763		1369		808		0		-1		3		
9766		1370		808		0		-1		3		
9771		1367		810		5		-5		5		
9777		1369		810		5		-4		6		
9783		1371		810		5		-3		6		
9786		1372		810		0		-1		3		
9789		1373		810		0		-1		3		
9792		1374		810		0		-1		3		
9803		1373		812		5		-3		11		
9809		1375		812		5		-2		6		
9812		1376		812		0		-1		3		
9815		1377		812		0		-1		3		
9818		1378		812		0		-1		3		
9821		1379		812		0		-1		3		
9824		1380		812		0		-1		3		
9829		1377		814		5		-5		5		
9835		1379		814		5		-4		6		
9841		1381		814		5		-3		6		
9844		1382		814		0		-1		3		
9847		1383		814		0		-1		3		
9850		1384		814		0		-1		3		
9856		1379		817		193		-197		6		
9861		1383		816		5		-4		5		
9867		1385		816		5		-3		6		
9870		1386		816		0		-1		3		
9914		1382		824		221		-215		44		
9931		1383		826		5		-1		17		
9934		1384		826		0		-1		3		
9937		1385		826		0		-1		3		
9940		1386		826		0		-1		3		
9951		1385		828		5		-3		11		
9957		1387		828		5		-2		6		
9960		1388		828		0		-1		3		
9963		1389		828		0		-1		3		
9966		1390		828		0		-1		3		
9969		1391		828		0		-1		3		
9977		1389		830		5		-4		8		
9983		1391		830		5		-3		6		
10001		1390		833		8		-2		18		
10018		1391		835		5		-1		17		
10021		1392		835		0		-1		3		
10024		1393		835		0		-1		3		
10027		1394		835		0		-1		3		
10030		1395		835		0		-1		3		
10038		1393		837		5		-4		8		
10044		1395		837		5		-3		6		
10064		1397		839		12		-3		20		
10088		1398		842		8		-1		24		
10105		1399		844		5		-1		17		
10108		1400		844		0		-1		3		
10111		1401		844		0		-1		3		
10114		1402		844		0		-1		3		
10117		1403		844		0		-1		3		
10128		1402		846		5		-3		11		
10134		1404		846		5		-2		6		
10137		1405		846		0		-1		3		
10140		1406		846		0		-1		3		
10143		1407		846		0		-1		3		
10146		1408		846		0		-1		3		
10149		1409		846		0		-1		3		
10154		1406		848		5		-5		5		
10160		1408		848		5		-4		6		
10166		1410		848		5		-3		6		
10169		1411		848		0		-1		3		
10172		1412		848		0		-1		3		
10175		1413		848		0		-1		3		
10186		1412		850		5		-3		11		
10192		1414		850		5		-2		6		
10195		1415		850		0		-1		3		
10198		1416		850		0		-1		3		
10201		1417		850		0		-1		3		
10204		1418		850		0		-1		3		
10207		1419		850		0		-1		3		
10218		1418		852		5		-3		11		
10224		1420		852		5		-2		6		
10227		1421		852		0		-1		3		
10230		1422		852		0		-1		3		
10233		1423		852		0		-1		3		
10236		1424		852		0		-1		3		
10244		1422		854		5		-4		8		
10250		1424		854		5		-3		6		
10297		1456		847		221		-218		47		
10302		1439		855		137		-143		5		
10305		1440		855		0		-1		3		
10308		1441		855		0		-1		3		
10311		1442		855		0		-1		3		
10326		1440		858		8		-4		15		
10331		1458		851		12		-6		5		
10334		1459		851		0		-1		3		
10337		1460		851		0		-1		3		
10340		1461		851		0		-1		3		
10355		1459		854		8		-4		15		
10372		1460		856		5		-1		17		
10375		1461		856		0		-1		3		
10378		1462		856		0		-1		3		
10381		1463		856		0		-1		3		
10384		1464		856		0		-1		3		
10392		1462		858		5		-4		8		
10398		1464		858		5		-3		6		
10445		1475		860		26		-12		47		
10462		1476		862		5		-1		17		
10465		1477		862		0		-1		3		
10468		1478		862		0		-1		3		
10471		1479		862		0		-1		3		
10474		1480		862		0		-1		3		
10482		1478		864		5		-4		8		
10488		1480		864		5		-3		6		
10503		1457		876		85		-61		15		
10520		1458		878		5		-1		17		
10523		1459		878		0		-1		3		
10526		1460		878		0		-1		3		
10529		1461		878		0		-1		3		
10532		1462		878		0		-1		3		
10540		1460		880		5		-4		8		
10546		1462		880		5		-3		6		
10593		1466		885		85		-55		47		
10610		1467		887		5		-1		17		
10613		1468		887		0		-1		3		
10616		1469		887		0		-1		3		
10619		1470		887		0		-1		3		
10624		1502		874		64		-39		5		
10630		1469		889		5		-4		6		
10636		1471		889		5		-3		6		
10639		1472		889		0		-1		3		
10642		1473		889		0		-1		3		
10645		1474		889		0		-1		3		
10656		1473		891		5		-3		11		
10662		1475		891		5		-2		6		
10665		1476		891		0		-1		3		
10668		1477		891		0		-1		3		
10671		1478		891		0		-1		3		
10674		1479		891		0		-1		3		
10677		1480		891		0		-1		3		
10688		1479		893		5		-3		11		
10694		1481		893		5		-2		6		
10697		1482		893		0		-1		3		
10700		1483		893		0		-1		3		
10703		1484		893		0		-1		3		
10706		1485		893		0		-1		3		
10709		1486		893		0		-1		3		
10717		1484		895		5		-4		8		
10723		1486		895		5		-3		6		
10738		1519		883		26		-22		15		
10755		1520		885		5		-1		17		
10758		1521		885		0		-1		3		
10761		1522		885		0		-1		3		
10764		1523		885		0		-1		3		
10767		1524		885		0		-1		3		
10778		1523		887		5		-3		11		
10784		1525		887		5		-2		6		
10787		1526		887		0		-1		3		
10790		1527		887		0		-1		3		
10793		1528		887		0		-1		3		
10796		1529		887		0		-1		3		
10799		1530		887		0		-1		3		
10804		1527		889		5		-5		5		
10810		1529		889		5		-4		6		
10816		1531		889		5		-3		6		
10819		1532		889		0		-1		3		
10822		1533		889		0		-1		3		
10825		1534		889		0		-1		3		
10836		1533		891		5		-3		11		
10842		1535		891		5		-2		6		
10845		1536		891		0		-1		3		
10848		1537		891		0		-1		3		
10851		1538		891		0		-1		3		
10854		1539		891		0		-1		3		
10857		1540		891		0		-1		3		
10865		1538		893		5		-4		8		
10871		1540		893		5		-3		6		
11005		1538		913		221		-226		134		
11010		1549		909		186		-170		5		
11013		1550		909		0		-1		3		
11016		1551		909		0		-1		3		
11019		1552		909		0		-1		3		
11034		1550		912		8		-4		15		
11039		1540		917		12		-6		5		
11042		1541		917		0		-1		3		
11045		1542		917		0		-1		3		
11048		1543		917		0		-1		3		
11097		1564		915		117		-81		49		
11121		1565		918		8		-1		24		
11138		1566		920		5		-1		17		
11141		1567		920		0		-1		3		
11144		1568		920		0		-1		3		
11147		1569		920		0		-1		3		
11150		1570		920		0		-1		3		
11161		1569		922		5		-3		11		
11167		1571		922		5		-2		6		
11170		1572		922		0		-1		3		
11173		1573		922		0		-1		3		
11176		1574		922		0		-1		3		
11179		1575		922		0		-1		3		
11187		1573		924		5		-4		8		
11193		1575		924		5		-3		6		
11214		1554		936		101		-69		21		
11216		1585		923		137		-115		2		
11219		1586		923		0		-1		3		
11222		1587		923		0		-1		3		
11225		1588		923		0		-1		3		
11228		1589		923		0		-1		3		
11240		1586		926		8		-5		12		
11248		1556		940		12		-7		8		
11251		1557		940		0		-1		3		
11254		1558		940		0		-1		3		
11364		1604		936		137		-106		110		
11367		1605		936		0		-1		3		
11370		1606		936		0		-1		3		
11373		1607		936		0		-1		3		
11376		1608		936		0		-1		3		
11379		1609		936		0		-1		3		
11382		1610		936		0		-1		3		
11385		1611		936		0		-1		3		
11396		1610		938		5		-3		11		
11402		1612		938		5		-2		6		
11405		1613		938		0		-1		3		
11408		1614		938		0		-1		3		
11411		1615		938		0		-1		3		
11414		1616		938		0		-1		3		
11417		1617		938		0		-1		3		
11425		1615		940		5		-4		8		
11431		1617		940		5		-3		6		
11512		1595		961		137		-107		81		
11515		1596		961		0		-1		3		
11518		1597		961		0		-1		3		
11521		1598		961		0		-1		3		
11524		1599		961		0		-1		3		
11527		1600		961		0		-1		3		
11530		1601		961		0		-1		3		
11533		1602		961		0		-1		3		
11544		1601		963		5		-3		11		
11550		1603		963		5		-2		6		
11553		1604		963		0		-1		3		
11556		1605		963		0		-1		3		
11559		1606		963		0		-1		3		
11562		1607		963		0		-1		3		
11565		1608		963		0		-1		3		
11573		1606		965		5		-4		8		
11579		1608		965		5		-3		6		
11689		1654		961		186		-140		110		
11692		1655		961		0		-1		3		
11695		1656		961		0		-1		3		
11698		1657		961		0		-1		3		
11701		1658		961		0		-1		3		
11704		1659		961		0		-1		3		
11707		1660		961		0		-1		3		
11710		1661		961		0		-1		3		
11721		1660		963		5		-3		11		
11727		1662		963		5		-2		6		
11730		1663		963		0		-1		3		
11733		1664		963		0		-1		3		
11736		1665		963		0		-1		3		
11739		1666		963		0		-1		3		
11742		1667		963		0		-1		3		
11750		1665		965		5		-4		8		
11756		1667		965		5		-3		6		
11837		1645		986		186		-141		81		
11840		1646		986		0		-1		3		
11843		1647		986		0		-1		3		
11846		1648		986		0		-1		3		
11849		1649		986		0		-1		3		
11852		1650		986		0		-1		3		
11855		1651		986		0		-1		3		
11858		1652		986		0		-1		3		
11869		1651		988		5		-3		11		
11875		1653		988		5		-2		6		
11878		1654		988		0		-1		3		
11881		1655		988		0		-1		3		
11884		1656		988		0		-1		3		
11887		1657		988		0		-1		3		
11890		1658		988		0		-1		3		
11895		1655		990		5		-5		5		
11901		1657		990		5		-4		6		
11907		1659		990		5		-3		6		
11910		1660		990		0		-1		3		
11913		1661		990		0		-1		3		
11916		1662		990		0		-1		3		
11927		1661		992		5		-3		11		
11933		1663		992		5		-2		6		
11936		1664		992		0		-1		3		
11939		1665		992		0		-1		3		
11942		1666		992		0		-1		3		
11945		1667		992		0		-1		3		
11948		1668		992		0		-1		3		
11956		1666		994		5		-4		8		
11962		1668		994		5		-3		6		
11980		1667		997		8		-2		18		
11997		1668		999		5		-1		17		
12000		1669		999		0		-1		3		
12003		1670		999		0		-1		3		
12006		1671		999		0		-1		3		
12017		1670		1001		5		-3		11		
12023		1672		1001		5		-2		6		
12026		1673		1001		0		-1		3		
12029		1674		1001		0		-1		3		
12032		1675		1001		0		-1		3		
12035		1676		1001		0		-1		3		
12046		1675		1003		5		-3		11		
12052		1677		1003		5		-2		6		
12055		1678		1003		0		-1		3		
12058		1679		1003		0		-1		3		
12061		1680		1003		0		-1		3		
12064		1681		1003		0		-1		3		
12067		1682		1003		0		-1		3		
12072		1679		1005		5		-5		5		
12078		1681		1005		5		-4		6		
12084		1683		1005		5		-3		6		
12087		1684		1005		0		-1		3		
12090		1685		1005		0		-1		3		
12093		1686		1005		0		-1		3		
12104		1685		1007		5		-3		11		
12110		1687		1007		5		-2		6		
12113		1688		1007		0		-1		3		
12116		1689		1007		0		-1		3		
12119		1690		1007		0		-1		3		
12122		1691		1007		0		-1		3		
12125		1692		1007		0		-1		3		
12136		1691		1009		5		-3		11		
12142		1693		1009		5		-2		6		
12145		1694		1009		0		-1		3		
12148		1695		1009		0		-1		3		
12151		1696		1009		0		-1		3		
12154		1697		1009		0		-1		3		
12157		1698		1009		0		-1		3		
12162		1695		1011		5		-5		5		
12168		1697		1011		5		-4		6		
12174		1699		1011		5		-3		6		
12177		1700		1011		0		-1		3		
12180		1701		1011		0		-1		3		
12183		1702		1011		0		-1		3		
12194		1701		1013		5		-3		11		
12200		1703		1013		5		-2		6		
12203		1704		1013		0		-1		3		
12206		1705		1013		0		-1		3		
12209		1706		1013		0		-1		3		
12212		1707		1013		0		-1		3		
12220		1705		1015		5		-4		8		
12226		1707		1015		5		-3		6		
12244		1706		1018		8		-2		18		
12249		1717		1014		186		-169		5		
12252		1718		1014		0		-1		3		
12255		1719		1014		0		-1		3		
12258		1720		1014		0		-1		3		
12273		1718		1017		8		-4		15		
12290		1719		1019		5		-1		17		
12293		1720		1019		0		-1		3		
12296		1721		1019		0		-1		3		
12299		1722		1019		0		-1		3		
12302		1723		1019		0		-1		3		
12310		1721		1021		5		-4		8		
12316		1723		1021		5		-3		6		
12363		1734		1023		26		-12		47		
12380		1735		1025		5		-1		17		
12383		1736		1025		0		-1		3		
12386		1737		1025		0		-1		3		
12389		1738		1025		0		-1		3		
12392		1739		1025		0		-1		3		
12400		1737		1027		5		-4		8		
12406		1739		1027		5		-3		6		
12426		1741		1029		12		-3		20		
12429		1742		1029		0		-1		3		
12432		1743		1029		0		-1		3		
12435		1744		1029		0		-1		3		
12438		1745		1029		0		-1		3		
12441		1746		1029		0		-1		3		
12444		1747		1029		0		-1		3		
12447		1748		1029		0		-1		3		
12455		1746		1031		5		-4		8		
12461		1748		1031		5		-3		6		
12479		1747		1034		8		-2		18		
12496		1748		1036		5		-1		17		
12499		1749		1036		0		-1		3		
12502		1750		1036		0		-1		3		
12505		1751		1036		0		-1		3		
12508		1752		1036		0		-1		3		
12516		1750		1038		5		-4		8		
12522		1752		1038		5		-3		6		
12569		1763		1040		26		-10		47		
12586		1764		1042		5		-1		17		
12589		1765		1042		0		-1		3		
12592		1766		1042		0		-1		3		
12595		1767		1042		0		-1		3		
12598		1768		1042		0		-1		3		
12606		1766		1044		5		-4		8		
12612		1768		1044		5		-3		6		
12659		1765		1052		85		-49		47		
12676		1766		1054		5		-1		17		
12679		1767		1054		0		-1		3		
12682		1768		1054		0		-1		3		
12685		1769		1054		0		-1		3		
12690		1780		1050		64		-39		5		
12696		1768		1056		5		-4		6		
12702		1770		1056		5		-3		6		
12705		1771		1056		0		-1		3		
12708		1772		1056		0		-1		3		
12711		1773		1056		0		-1		3		
12722		1772		1058		5		-3		11		
12728		1774		1058		5		-2		6		
12731		1775		1058		0		-1		3		
12734		1776		1058		0		-1		3		
12737		1777		1058		0		-1		3		
12740		1778		1058		0		-1		3		
12743		1779		1058		0		-1		3		
12749		1781		1058		85		-54		6		
12754		1778		1060		5		-4		5		
12760		1780		1060		5		-3		6		
12763		1781		1060		0		-1		3		
12780		1782		1062		5		-1		17		
12838		1792		1066		22		-5		58		
12841		1793		1066		0		-1		3		
12844		1794		1066		0		-1		3		
12847		1795		1066		0		-1		3		
12850		1796		1066		0		-1		3		
12853		1797		1066		0		-1		3		
12856		1798		1066		0		-1		3		
12859		1799		1066		0		-1		3		
12870		1798		1068		5		-3		11		
12876		1800		1068		5		-2		6		
12879		1801		1068		0		-1		3		
12882		1802		1068		0		-1		3		
12885		1803		1068		0		-1		3		
12888		1804		1068		0		-1		3		
12891		1805		1068		0		-1		3		
12902		1804		1070		5		-3		11		
12908		1806		1070		5		-2		6		
12911		1807		1070		0		-1		3		
12914		1808		1070		0		-1		3		
12917		1809		1070		0		-1		3		
12920		1810		1070		0		-1		3		
12923		1811		1070		0		-1		3		
12928		1808		1072		5		-5		5		
12934		1810		1072		5		-4		6		
12940		1812		1072		5		-3		6		
12943		1813		1072		0		-1		3		
12946		1814		1072		0		-1		3		
12949		1815		1072		0		-1		3		
12960		1814		1074		5		-3		11		
12966		1816		1074		5		-2		6		
12969		1817		1074		0		-1		3		
12972		1818		1074		0		-1		3		
12975		1819		1074		0		-1		3		
12978		1820		1074		0		-1		3		
12981		1821		1074		0		-1		3		
12989		1819		1076		5		-4		8		
12995		1821		1076		5		-3		6		
13042		1825		1081		26		-15		47		
13059		1826		1083		5		-1		17		
13062		1827		1083		0		-1		3		
13065		1828		1083		0		-1		3		
13068		1829		1083		0		-1		3		
13071		1830		1083		0		-1		3		
13073		1826		1085		137		-129		2		
13079		1828		1085		5		-5		6		
13085		1830		1085		5		-4		6		
13097		1827		1088		8		-3		12		
13100		1828		1088		0		-1		3		
13105		1832		1087		12		-6		5		
13108		1833		1087		0		-1		3		
13111		1834		1087		0		-1		3		
13117		1829		1090		5		-4		6		
13120		1830		1090		0		-1		3		
13123		1831		1090		0		-1		3		
13126		1832		1090		0		-1		3		
13137		1831		1092		5		-3		11		
13143		1833		1092		5		-2		6		
13146		1834		1092		0		-1		3		
13149		1835		1092		0		-1		3		
13152		1836		1092		0		-1		3		
13155		1837		1092		0		-1		3		
13158		1838		1092		0		-1		3		
13166		1836		1094		5		-4		8		
13172		1838		1094		5		-3		6		
13187		1843		1094		26		-21		15		
13204		1844		1096		5		-1		17		
13207		1845		1096		0		-1		3		
13210		1846		1096		0		-1		3		
13213		1847		1096		0		-1		3		
13216		1848		1096		0		-1		3		
13227		1847		1098		5		-3		11		
13233		1849		1098		5		-2		6		
13236		1850		1098		0		-1		3		
13239		1851		1098		0		-1		3		
13242		1852		1098		0		-1		3		
13245		1853		1098		0		-1		3		
13253		1851		1100		5		-4		8		
13259		1853		1100		5		-3		6		
13282		1863		1099		137		-135		23		
13285		1864		1099		0		-1		3		
13288		1865		1099		0		-1		3		
13291		1866		1099		0		-1		3		
13294		1867		1099		0		-1		3		
13297		1868		1099		0		-1		3		
13300		1869		1099		0		-1		3		
13303		1870		1099		0		-1		3		
13314		1869		1101		5		-3		11		
13320		1871		1101		5		-2		6		
13323		1872		1101		0		-1		3		
13326		1873		1101		0		-1		3		
13329		1874		1101		0		-1		3		
13332		1875		1101		0		-1		3		
13335		1876		1101		0		-1		3		
13340		1873		1103		5		-5		5		
13346		1875		1103		5		-4		6		
13352		1877		1103		5		-3		6		
13355		1878		1103		0		-1		3		
13358		1879		1103		0		-1		3		
13361		1880		1103		0		-1		3		
13372		1879		1105		5		-3		11		
13378		1881		1105		5		-2		6		
13381		1882		1105		0		-1		3		
13384		1883		1105		0		-1		3		
13387		1884		1105		0		-1		3		
13390		1885		1105		0		-1		3		
13393		1886		1105		0		-1		3		
13404		1885		1107		5		-3		11		
13410		1887		1107		5		-2		6		
13413		1888		1107		0		-1		3		
13416		1889		1107		0		-1		3		
13419		1890		1107		0		-1		3		
13422		1891		1107		0		-1		3		
13425		1892		1107		0		-1		3		
13430		1889		1109		5		-5		5		
13436		1891		1109		5		-4		6		
13442		1893		1109		5		-3		6		
13445		1894		1109		0		-1		3		
13448		1895		1109		0		-1		3		
13451		1896		1109		0		-1		3		
13462		1895		1111		5		-3		11		
13468		1897		1111		5		-2		6		
13471		1898		1111		0		-1		3		
13474		1899		1111		0		-1		3		
13477		1900		1111		0		-1		3		
13480		1901		1111		0		-1		3		
13483		1902		1111		0		-1		3		
13491		1900		1113		5		-4		8		
13497		1902		1113		5		-3		6		
13512		1886		1122		85		-85		15		
13529		1887		1124		5		-1		17		
13532		1888		1124		0		-1		3		
13535		1889		1124		0		-1		3		
13538		1890		1124		0		-1		3		
13541		1891		1124		0		-1		3		
13549		1889		1126		5		-4		8		
13555		1891		1126		5		-3		6		
13573		1890		1129		8		-2		18		
13578		1894		1128		137		-160		5		
13581		1895		1128		0		-1		3		
13584		1896		1128		0		-1		3		
13587		1897		1128		0		-1		3		
13602		1895		1131		8		-4		15		
13619		1896		1133		5		-1		17		
13622		1897		1133		0		-1		3		
13625		1898		1133		0		-1		3		
13628		1899		1133		0		-1		3		
13639		1898		1135		5		-3		11		
13645		1900		1135		5		-2		6		
13648		1901		1135		0		-1		3		
13651		1902		1135		0		-1		3		
13654		1903		1135		0		-1		3		
13657		1904		1135		0		-1		3		
13660		1905		1135		0		-1		3		
13665		1902		1137		5		-5		5		
13671		1904		1137		5		-4		6		
13677		1906		1137		5		-3		6		
13680		1907		1137		0		-1		3		
13683		1908		1137		0		-1		3		
13686		1909		1137		0		-1		3		
13697		1908		1139		5		-3		11		
13703		1910		1139		5		-2		6		
13706		1911		1139		0		-1		3		
13709		1912		1139		0		-1		3		
13712		1913		1139		0		-1		3		
13715		1914		1139		0		-1		3		
13718		1915		1139		0		-1		3		
13726		1913		1141		5		-4		8		
13732		1915		1141		5		-3		6		
13750		1914		1144		8		-2		18		
13767		1915		1146		5		-1		17		
13770		1916		1146		0		-1		3		
13773		1917		1146		0		-1		3		
13776		1918		1146		0		-1		3		
13782		1920		1146		16		-7		6		
13787		1917		1148		5		-4		5		
13793		1919		1148		5		-3		6		
13796		1920		1148		0		-1		3		
13816		1922		1150		12		-4		20		
13819		1923		1150		0		-1		3		
13822		1924		1150		0		-1		3		
13825		1925		1150		0		-1		3		
13828		1926		1150		0		-1		3		
13831		1927		1150		0		-1		3		
13834		1928		1150		0		-1		3		
13837		1929		1150		0		-1		3		
13845		1927		1152		5		-4		8		
13851		1929		1152		5		-3		6		
13898		1954		1148		101		-94		47		
13903		1944		1153		186		-211		5		
13906		1945		1153		0		-1		3		
13909		1946		1153		0		-1		3		
13912		1947		1153		0		-1		3		
13927		1945		1156		8		-4		15		
13932		1956		1152		12		-6		5		
13935		1957		1152		0		-1		3		
13938		1958		1152		0		-1		3		
13941		1959		1152		0		-1		3		
13956		1957		1155		8		-4		15		
13973		1958		1157		5		-1		17		
13976		1959		1157		0		-1		3		
13979		1960		1157		0		-1		3		
13982		1961		1157		0		-1		3		
13985		1962		1157		0		-1		3		
13996		1961		1159		5		-3		11		
14002		1963		1159		5		-2		6		
14005		1964		1159		0		-1		3		
14008		1965		1159		0		-1		3		
14011		1966		1159		0		-1		3		
14014		1967		1159		0		-1		3		
14022		1965		1161		5		-4		8		
14028		1967		1161		5		-3		6		
14048		1969		1163		12		-3		20		
14051		1970		1163		0		-1		3		
14054		1971		1163		0		-1		3		
14057		1972		1163		0		-1		3		
14060		1973		1163		0		-1		3		
14063		1974		1163		0		-1		3		
14066		1975		1163		0		-1		3		
14069		1976		1163		0		-1		3		
14075		1971		1166		8		-7		6		
14080		1975		1165		5		-4		5		
14086		1977		1165		5		-3		6		
14089		1978		1165		0		-1		3		
14162		1986		1172		26		-12		73		
14179		1987		1174		5		-1		17		
14182		1988		1174		0		-1		3		
14185		1989		1174		0		-1		3		
14188		1990		1174		0		-1		3		
14191		1991		1174		0		-1		3		
14199		1989		1176		5		-4		8		
14205		1991		1176		5		-3		6		
14252		1988		1184		193		-231		47		
14269		1989		1186		5		-1		17		
14272		1990		1186		0		-1		3		
14275		1991		1186		0		-1		3		
14278		1992		1186		0		-1		3		
14289		1991		1188		5		-3		11		
14295		1993		1188		5		-2		6		
14298		1994		1188		0		-1		3		
14301		1995		1188		0		-1		3		
14304		1996		1188		0		-1		3		
14307		1997		1188		0		-1		3		
14310		1998		1188		0		-1		3		
14318		1996		1190		5		-4		8		
14324		1998		1190		5		-3		6		
14429		2012		1199		221		-245		105		
14434		2009		1201		117		-73		5		
14437		2010		1201		0		-1		3		
14440		2011		1201		0		-1		3		
14443		2012		1201		0		-1		3		
14458		2010		1204		8		-4		15		
14463		2014		1203		12		-6		5		
14466		2015		1203		0		-1		3		
14469		2016		1203		0		-1		3		
14472		2017		1203		0		-1		3		
14521		2024		1207		137		-114		49		
14524		2025		1207		0		-1		3		
14527		2026		1207		0		-1		3		
14530		2027		1207		0		-1		3		
14533		2028		1207		0		-1		3		
14536		2029		1207		0		-1		3		
14539		2030		1207		0		-1		3		
14542		2031		1207		0		-1		3		
14553		2030		1209		5		-3		11		
14559		2032		1209		5		-2		6		
14562		2033		1209		0		-1		3		
14565		2034		1209		0		-1		3		
14568		2035		1209		0		-1		3		
14571		2036		1209		0		-1		3		
14574		2037		1209		0		-1		3		
14582		2035		1211		5		-4		8		
14588		2037		1211		5		-3		6		
14635		2041		1216		26		-17		47		
14652		2042		1218		5		-1		17		
14655		2043		1218		0		-1		3		
14658		2044		1218		0		-1		3		
14661		2045		1218		0		-1		3		
14672		2044		1220		5		-3		11		
14678		2046		1220		5		-2		6		
14681		2047		1220		0		-1		3		
14684		2048		1220		0		-1		3		
14687		2049		1220		0		-1		3		
14690		2050		1220		0		-1		3		
14693		2051		1220		0		-1		3		
14698		2048		1222		5		-5		5		
14704		2050		1222		5		-4		6		
14710		2052		1222		5		-3		6		
14713		2053		1222		0		-1		3		
14716		2054		1222		0		-1		3		
14719		2055		1222		0		-1		3		
14730		2054		1224		5		-3		11		
14736		2056		1224		5		-2		6		
14739		2057		1224		0		-1		3		
14742		2058		1224		0		-1		3		
14745		2059		1224		0		-1		3		
14748		2060		1224		0		-1		3		
14751		2061		1224		0		-1		3		
14759		2059		1226		5		-4		8		
14765		2061		1226		5		-3		6		
14783		2060		1229		8		-2		18		
14800		2061		1231		5		-1		17		
14803		2062		1231		0		-1		3		
14806		2063		1231		0		-1		3		
14809		2064		1231		0		-1		3		
14815		2066		1231		16		-7		6		
14820		2063		1233		5		-4		5		
